function [colormat] = colororder()

% Function from 2019b

colormat = ...
   [0.0000 0.4470 0.7410;...
    0.8500 0.3250 0.0980;...
    0.9290 0.6940 0.1250;...
    0.4940 0.1840 0.5560;...
    0.4660 0.6740 0.1880;...
    0.3010 0.7450 0.9330;...
      0/255 255/255 127/255;...
    255/255 127/255  80/255;...
    244/255 164/255  96/255;...
    176/255 196/255 222/255;...
     32/255 178/255 170/255;...
    107/255 142/255  35/255;...
%     244/255 164/255 96/255;...
%     244/255 164/255 96/255;...
    0.6350 0.0780 0.1840];


end